1100100
1100101
1100110
1100111
1101000
1101001
1101010
1101011
1101100
1101101
1101110
1101111
1110000
1110001
1110010
1110011
1110100
1110101
1110110
1110111
1111000
1111001
1111010
1111011
1111100
1111101
1111110
1111111
10000000
10000001
10000010
10000011
10000100
10000101
10000110
10000111
10001000
10001001
10001010
10001011
10001100
10001101
10001110
10001111
10010000
10010001
10010010
10010011
10010100
10010101
10010110
10010111
10011000
10011001
10011010
10011011
10011100
10011101
10011110
10011111
10100000
10100001
10100010
10100011
10100100
10100101
10100110
10100111
10101000
10101001
10101010
10101011
10101100
10101101
10101110
10101111
10101110
10101101
10101100
10101011
10101010
10101001
10101000
10100111
10100110
10100101
10100100
10100011
10100010
10100001
10100000
10011111
10011110
10011101
10011100
10011011
10011010
10011001
10011000
10010111
10010110
10010101
10010100
10010011
10010010
10010001
10010000
10001111
10001110
10001101
10001100
10001011
10001010
10001001
10001000
10000111
10000110
10000101
10000100
10000011
10000010
10000001
10000000
1111111
1111110
1111101
1111100
1111011
1111010
1111001
1111000
1110111
1110110
1110101
1110100
1110011
1110010
1110001
1110000
1101111
1101110
1101101
1101100
1101011
1101010
1101001
1101000
1100111
1100110
1100101
1100100
1100101
1100110
1100111
1101000
1101001
1101010
1101011
1101100
1101101
1101110
1101111
1110000
1110001
1110010
1110011
1110100
1110101
1110110
1110111
1111000
1111001
1111010
1111011
1111100
1111101
1111110
1111111
10000000
10000001
10000010
10000011
10000100
10000101
10000110
10000111
10001000
10001001
10001010
10001011
10001100
10001101
10001110
10001111
10010000
10010001
10010010
10010011
10010100
10010101
10010110
10010111
10011000
10011001
10011010
10011011
10011100
10011101
10011110
10011111
10100000
10100001
10100010
10100011
10100100
10100101
10100110
10100111
10101000
10101001
10101010
10101011
10101100
10101101
10101110
10101111
10101110
10101101
10101100
10101011
10101010
10101001
10101000
10100111
10100110
10100101
10100100
10100011
10100010
10100001
10100000
10011111
10011110
10011101
10011100
10011011
10011010
10011001
10011000
10010111
10010110
10010101
10010100
10010011
10010010
10010001
10010000
10001111
10001110
10001101
10001100
10001011
10001010
10001001
10001000
10000111
10000110
10000101
10000100
10000011
10000010
10000001
10000000
1111111
1111110
1111101
1111100
1111011
1111010
1111001
1111000
1110111
1110110
1110101
1110100
1110011
1110010
1110001
1110000
1101111
1101110
1101101
1101100
1101011
1101010
1101001
1101000
1100111
1100110
1100101
