11111010
11111011
11111100
11111101
11111110
11111111
100000000
100000001
100000010
100000011
100000100
100000101
100000110
100000111
100001000
100001001
100001010
100001011
100001100
100001101
100001110
100001111
100010000
100010001
100010010
100010011
100010100
100010101
100010110
100010111
100011000
100011001
100011010
100011011
100011100
100011101
100011110
100011111
100100000
100100001
100100010
100100011
100100100
100100101
100100110
100100111
100101000
100101001
100101010
100101011
100101100
100101101
100101110
100101111
100110000
100110001
100110010
100110011
100110100
100110101
100110110
100110111
100111000
100111001
100111010
100111011
100111100
100111101
100111110
100111111
101000000
101000001
101000010
101000011
101000100
101000101
101000100
101000011
101000010
101000001
101000000
100111111
100111110
100111101
100111100
100111011
100111010
100111001
100111000
100110111
100110110
100110101
100110100
100110011
100110010
100110001
100110000
100101111
100101110
100101101
100101100
100101011
100101010
100101001
100101000
100100111
100100110
100100101
100100100
100100011
100100010
100100001
100100000
100011111
100011110
100011101
100011100
100011011
100011010
100011001
100011000
100010111
100010110
100010101
100010100
100010011
100010010
100010001
100010000
100001111
100001110
100001101
100001100
100001011
100001010
100001001
100001000
100000111
100000110
100000101
100000100
100000011
100000010
100000001
100000000
11111111
11111110
11111101
11111100
11111011
