110010000
110010001
110010010
110010011
110010100
110010101
110010110
110010111
110011000
110011001
110011010
110011011
110011100
110011101
110011110
110011111
110100000
110100001
110100010
110100011
110100100
110100101
110100110
110100111
110101000
110101001
110101010
110101011
110101100
110101101
110101110
110101111
110110000
110110001
110110010
110110011
110110100
110110101
110110110
110110111
110111000
110111001
110111010
110111011
110111100
110111101
110111110
110111111
111000000
111000001
111000010
111000011
111000100
111000101
111000110
111000111
111001000
111001001
111001010
111001011
111001100
111001101
111001110
111001111
111010000
111010001
111010010
111010011
111010100
111010101
111010110
111010111
111011000
111011001
111011010
111011011
111011010
111011001
111011000
111010111
111010110
111010101
111010100
111010011
111010010
111010001
111010000
111001111
111001110
111001101
111001100
111001011
111001010
111001001
111001000
111000111
111000110
111000101
111000100
111000011
111000010
111000001
111000000
110111111
110111110
110111101
110111100
110111011
110111010
110111001
110111000
110110111
110110110
110110101
110110100
110110011
110110010
110110001
110110000
110101111
110101110
110101101
110101100
110101011
110101010
110101001
110101000
110100111
110100110
110100101
110100100
110100011
110100010
110100001
110100000
110011111
110011110
110011101
110011100
110011011
110011010
110011001
110011000
110010111
110010110
110010101
110010100
110010011
110010010
110010001
1100100
1100101
1100110
1100111
1101000
1101001
1101010
1101011
1101100
1101101
1101110
1101111
1110000
1110001
1110010
1110011
1110100
1110101
1110110
1110111
1111000
1111001
1111010
1111011
1111100
1111101
1111110
1111111
10000000
10000001
10000010
10000011
10000100
10000101
10000110
10000111
10001000
10001001
10001010
10001011
10001100
10001101
10001110
10001111
10010000
10010001
10010010
10010011
10010100
10010101
10010110
10010111
10011000
10011001
10011010
10011011
10011100
10011101
10011110
10011111
10100000
10100001
10100010
10100011
10100100
10100101
10100110
10100111
10101000
10101001
10101010
10101011
10101100
10101101
10101110
10101111
10101110
10101101
10101100
10101011
10101010
10101001
10101000
10100111
10100110
10100101
10100100
10100011
10100010
10100001
10100000
10011111
10011110
10011101
10011100
10011011
10011010
10011001
10011000
10010111
10010110
10010101
10010100
10010011
10010010
10010001
10010000
10001111
10001110
10001101
10001100
10001011
10001010
10001001
10001000
10000111
10000110
10000101
10000100
10000011
10000010
10000001
10000000
1111111
1111110
1111101
1111100
1111011
1111010
1111001
1111000
1110111
1110110
1110101
1110100
1110011
1110010
1110001
1110000
1101111
1101110
1101101
1101100
1101011
1101010
1101001
1101000
1100111
1100110
1100101

