1100100
1100101
1100110
1100111
1101000
1101001
1101010
1101011
1101100
1101101
1101110
1101111
1110000
1110001
1110010
1110011
1110100
1110101
1110110
1110111
1111000
1111001
1111010
1111011
1111100
1111101
1111110
1111111
10000000
10000001
10000010
10000011
10000100
10000101
10000110
10000111
10001000
10001001
10001010
10001011
10001100
10001101
10001110
10001111
10010000
10010001
10010010
10010011
10010100
10010101
10010110
10010111
10011000
10011001
10011010
10011011
10011100
10011101
10011110
10011111
10100000
10100001
10100010
10100011
10100100
10100101
10100110
10100111
10101000
10101001
10101010
10101011
10101100
10101101
10101110
10101111
10101110
10101101
10101100
10101011
10101010
10101001
10101000
10100111
10100110
10100101
10100100
10100011
10100010
10100001
10100000
10011111
10011110
10011101
10011100
10011011
10011010
10011001
10011000
10010111
10010110
10010101
10010100
10010011
10010010
10010001
10010000
10001111
10001110
10001101
10001100
10001011
10001010
10001001
10001000
10000111
10000110
10000101
10000100
10000011
10000010
10000001
10000000
1111111
1111110
1111101
1111100
1111011
1111010
1111001
1111000
1110111
1110110
1110101
1110100
1110011
1110010
1110001
1110000
1101111
1101110
1101101
1101100
1101011
1101010
1101001
1101000
1100111
1100110
1100101
11111010
11111011
11111100
11111101
11111110
11111111
100000000
100000001
100000010
100000011
100000100
100000101
100000110
100000111
100001000
100001001
100001010
100001011
100001100
100001101
100001110
100001111
100010000
100010001
100010010
100010011
100010100
100010101
100010110
100010111
100011000
100011001
100011010
100011011
100011100
100011101
100011110
100011111
100100000
100100001
100100010
100100011
100100100
100100101
100100110
100100111
100101000
100101001
100101010
100101011
100101100
100101101
100101110
100101111
100110000
100110001
100110010
100110011
100110100
100110101
100110110
100110111
100111000
100111001
100111010
100111011
100111100
100111101
100111110
100111111
101000000
101000001
101000010
101000011
101000100
101000101
101000100
101000011
101000010
101000001
101000000
100111111
100111110
100111101
100111100
100111011
100111010
100111001
100111000
100110111
100110110
100110101
100110100
100110011
100110010
100110001
100110000
100101111
100101110
100101101
100101100
100101011
100101010
100101001
100101000
100100111
100100110
100100101
100100100
100100011
100100010
100100001
100100000
100011111
100011110
100011101
100011100
100011011
100011010
100011001
100011000
100010111
100010110
100010101
100010100
100010011
100010010
100010001
100010000
100001111
100001110
100001101
100001100
100001011
100001010
100001001
100001000
100000111
100000110
100000101
100000100
100000011
100000010
100000001
100000000
11111111
11111110
11111101
11111100
11111011
11111011
11111011
11111011
11111011
11111011
11111011
11111011